{
    "delhi_cochin": 2067.985154581201,
    "kolkata_banglore": 1562.3996447409606,
    "mumbai_hyderabad": 623.422170225371,
    "banglore_delhi": 1735.2857772467241,
    "chennai_kolkata": 1355.3008742024228
}